[-1.08606145e-01  5.58555834e-02 -7.75044635e-02  3.74603420e-02
 -3.16646807e-02  3.79815139e-02 -1.26701817e-01 -9.72647667e-02
 -4.16047722e-02  1.13368817e-01  9.48661491e-02  1.99409634e-01
  1.80744696e-02 -1.63701922e-01  3.59798456e-03 -8.29214826e-02
 -3.89638245e-02  1.56941399e-01 -1.44700855e-01  1.84289530e-01
  6.80750236e-02  1.82054177e-01 -6.17164820e-02 -1.46920709e-02
 -3.11665311e-02  1.00959092e-01 -1.15950674e-01 -6.76210523e-02
 -2.26666667e-02 -4.34858091e-02  4.16733585e-02  2.65883096e-02
 -1.67735219e-01  1.32194227e-02 -8.59496817e-02 -2.12743074e-01
 -4.65643071e-02 -1.60050243e-01 -1.18691832e-01 -8.69835690e-02
  9.44964364e-02 -1.57129750e-01 -1.27931252e-01 -2.83138864e-02
 -2.51991272e-01  2.10999306e-02  1.73829824e-01 -4.36148420e-02
  3.38306800e-02 -2.97417045e-02  1.99383236e-02 -1.67195812e-01
 -3.14407162e-02  1.18598782e-01 -8.31478387e-02 -6.65718690e-03
 -1.07682474e-01 -2.33823746e-01  1.86445147e-01  5.85328080e-02
  2.34246477e-02 -8.02372098e-02 -8.37693959e-02 -8.47075954e-02
 -8.22172966e-03 -1.79803506e-01  5.95690273e-02 -1.45395070e-01
 -2.33441032e-02  1.45270452e-01 -3.81616247e-03  4.57063178e-03
 -6.45117015e-02  1.55922860e-01  4.90876250e-02 -2.27390930e-01
 -1.84924021e-01 -4.66937907e-02 -3.17204744e-02  4.90789786e-02
  1.68822259e-01  1.59867495e-01  1.52269289e-01  1.09984368e-01
 -2.05342658e-02 -1.93332080e-02 -2.13928018e-02 -1.48284659e-01
 -1.90937296e-01 -2.13691562e-01 -3.95000689e-02  4.59168702e-02
 -6.60568178e-02  2.53919452e-01  8.70165303e-02  1.42980695e-01
  3.12712669e-01 -1.82363763e-02 -8.75080563e-03 -9.75260735e-02
 -2.05559656e-01  3.08973432e-01 -1.15834899e-01  4.33516726e-02
 -6.27072528e-02  1.12581849e-02 -8.63346532e-02 -8.90410617e-02
  6.84565380e-02  3.36798839e-02  1.87634796e-01 -9.14898664e-02
  2.21400440e-01  1.43903613e-01  1.54404521e-01 -7.42238909e-02
 -4.54613306e-02  5.44372536e-02 -1.09343730e-01 -6.39179051e-02
  4.74772044e-02 -1.23969249e-01  5.62802665e-02 -6.03971481e-02
  1.08170971e-01 -5.47158793e-02 -1.13601505e-03  2.80807223e-02
 -2.45768040e-01 -1.99093610e-01 -3.40458900e-02  6.21966028e-04
 -1.06474832e-01  8.44577029e-02 -6.50996864e-02 -1.17399339e-02
  3.20428833e-02 -1.80204704e-01  2.71887835e-02 -8.54753703e-02
  1.83096174e-02 -6.87648952e-02 -5.58634363e-02 -9.29424688e-02
  1.28043406e-02  1.02982529e-01 -7.96586350e-02 -1.49947986e-01
 -4.68428284e-02  1.11620627e-01  1.82633400e-01  1.86755091e-01
 -6.69322759e-02  1.02572873e-01  1.13956682e-01  2.34581545e-01
 -8.72458611e-03 -3.71260010e-02 -5.12116887e-02 -3.22073177e-02
 -5.98364323e-02  4.96380404e-03 -4.03514393e-02  7.71958902e-02
  8.65678787e-02 -9.25069079e-02  1.58376977e-01 -4.19365838e-02
  1.78344905e-01  8.12727585e-03 -2.20451608e-01  7.13586062e-02
  7.64326528e-02  1.90385610e-01 -2.27601603e-01  2.00975329e-01
  8.26400593e-02  1.76200747e-01  2.03339476e-02  2.87134573e-02
  6.21001013e-02  1.17070973e-01 -1.59993712e-02 -8.88179913e-02
 -1.01386279e-01 -3.81023414e-03  1.23394676e-01 -9.57861766e-02
 -5.02552278e-02 -1.23731801e-02  9.86012965e-02  8.82747993e-02
 -1.88542858e-01  9.91218612e-02 -1.61716584e-02 -3.31593677e-02
  6.29438460e-02 -2.05895737e-01  8.72109458e-02 -1.29260793e-01
  1.22724988e-01 -2.65435666e-01 -1.47570863e-01  2.21888721e-01
 -4.17503864e-02 -2.76299249e-02  1.17060013e-01  1.70242846e-01
 -1.03047572e-01  1.98600143e-02 -1.47013023e-01 -1.81075986e-02
 -7.27940202e-02  5.64933103e-03 -7.94813558e-02  2.30574504e-01
  2.38137625e-04  2.85948953e-03  1.83921188e-01  1.28437057e-01
  7.30954930e-02  9.38201249e-02  4.94061522e-02  7.47446949e-03
 -8.13172683e-02 -1.30656272e-01  4.41302620e-02 -6.97452649e-02
 -7.36208782e-02  2.10153177e-01 -5.45299128e-02  6.74275756e-02
  7.15154409e-03  1.42385274e-01 -1.73370913e-02  1.80344179e-01
 -2.36090511e-01  1.88554108e-01 -1.50305256e-01 -2.78599530e-01
  1.04528800e-01  5.86414970e-02  5.84237128e-02 -1.09663539e-01
  3.67092520e-01 -7.23434379e-03  1.34631917e-01 -2.78643966e-02
  1.27545074e-01  8.94284174e-02  1.05751306e-01  5.09003885e-02
 -1.20557249e-01 -4.71258312e-02  2.06319895e-02  1.15256660e-01
 -1.25552222e-01  2.56664068e-01 -8.30777586e-02  8.53030011e-02
  4.22849208e-02  6.65474385e-02  1.07544124e-01 -9.86937955e-02
  6.41091019e-02 -4.92332876e-02 -1.22779749e-01 -2.40874320e-01
 -3.24022025e-02 -1.43479835e-02 -2.94817146e-02  6.82383627e-02
  2.54139662e-01 -4.08809334e-02  4.49845493e-02 -1.47104744e-04
 -1.61322340e-01  1.14003681e-01 -4.03237753e-02 -8.47896859e-02
  1.08737886e-01  1.47179514e-01 -1.30805790e-01  9.75437686e-02
  2.19145939e-02 -4.02306244e-02 -1.69376388e-01 -3.05699021e-01
  6.72646463e-02 -4.83265854e-02  7.26450980e-02  2.62399670e-02
 -8.42177402e-03 -3.86040211e-02  3.24866138e-02 -4.46476713e-02
 -1.68978408e-01 -5.10574644e-03 -2.81773597e-01  1.33953080e-01
 -3.32603455e-02  1.11915851e-02 -1.35729447e-01 -3.90652381e-02
  1.22088537e-01 -2.52015367e-02  1.21785469e-01 -1.61239579e-01
  8.19370374e-02 -1.51528092e-02  9.12951902e-02  3.52308974e-02
  2.77465526e-02 -1.06037989e-01 -6.97911084e-02  6.92395866e-02
 -6.68835491e-02 -5.57230078e-02  2.79227328e-02  5.10756597e-02
 -3.07317860e-02 -6.20064437e-02 -6.34129867e-02  1.14163503e-01
 -7.59086525e-03  7.55901868e-03  1.00038694e-02  3.05687147e-03
  1.75520509e-01  8.46175924e-02  2.84630023e-02 -1.22818798e-01
  1.52623095e-02  7.34397992e-02  4.51833420e-02 -4.08938266e-02
 -5.23578674e-02 -1.48574531e-01 -8.54846314e-02  8.99274647e-02
  5.05405255e-02 -2.72722021e-02 -6.91843182e-02 -2.89502181e-02
 -4.26543094e-02  1.75095275e-01  1.39038458e-01  1.31736547e-01
  3.54008704e-01  4.28768620e-03 -7.97099769e-02 -4.05721664e-02
 -6.03761524e-02  3.58639881e-02  7.74839297e-02 -2.99514711e-01
 -2.11056583e-02 -2.54527181e-02  7.15977773e-02  8.05912912e-02
  9.30058733e-02 -5.77345788e-02 -6.25365376e-02 -4.65423167e-02
  2.87426054e-01  1.12365708e-02 -4.25206013e-02  7.02956393e-02
 -2.00846031e-01  1.23821609e-02 -1.39010489e-01  7.73389861e-02
  7.27681369e-02  1.56270787e-01 -4.72397320e-02  1.31542021e-02
  1.45646006e-01 -1.86885491e-01 -2.84605384e-01 -9.86314788e-02
 -1.82561904e-01 -1.49241269e-01  2.43443057e-01  1.38439149e-01
  5.11940792e-02 -8.23391899e-02 -1.71028394e-02 -1.50111601e-01
 -3.90513502e-02  6.85880259e-02  1.04622379e-01 -3.60770077e-01
 -2.33034387e-01  5.13062961e-02  2.65544485e-02  1.50353983e-01
  7.45889591e-03  7.08743781e-02  1.34253232e-02  9.78280529e-02
 -1.56050995e-01 -1.45669296e-01 -1.02479972e-01  3.86259705e-02
  8.14535171e-02 -9.36178640e-02  2.42084246e-02 -1.25773698e-01
  8.62693042e-02  2.25495681e-01  1.71449885e-01 -1.43930003e-01
 -2.23977789e-01  9.69506428e-02 -8.76649767e-02 -7.38472715e-02
 -2.24715114e-01 -6.02975748e-02 -7.95024261e-02 -7.74034709e-02
  9.93781611e-02  1.08054318e-01 -1.02547370e-01  5.34129292e-02
  1.10759549e-01  1.34634510e-01  1.07880367e-03  1.09500565e-01
 -1.22059137e-01  1.07940629e-01 -1.62130222e-02  3.82057168e-02
  5.80444522e-02  3.51120047e-02 -2.70377189e-01 -1.99802354e-01
  1.88438207e-01 -1.59614727e-01  2.95153171e-01  2.85446062e-03
 -2.45474458e-01 -7.60976458e-03  3.18661690e-01  1.70784846e-01
 -1.81281924e-01  1.93589523e-01  4.07378301e-02 -1.98518381e-01
 -3.29833657e-01 -5.82124926e-02  7.60214627e-02  4.32917848e-02
 -1.83879793e-01 -2.39228904e-01  7.38013312e-02  6.49770945e-02
  6.54048938e-03 -1.62278339e-02  5.32874838e-03  7.45014176e-02
 -5.71005698e-03  2.98252046e-01 -2.49115735e-01 -2.50550862e-02
 -1.57768458e-01  1.98794585e-02 -9.54343453e-02  9.81948525e-02
 -4.33067977e-02 -1.33515567e-01  1.01052359e-01 -1.28989369e-01
  1.26526624e-01  3.12169176e-02 -1.38066471e-01  5.11407144e-02
 -1.95857689e-01 -2.33211547e-01 -1.04554025e-02  1.39216915e-01
  7.97516629e-02  6.03975505e-02 -1.16964569e-02 -2.22186759e-01
  1.16256237e-01 -7.98640177e-02 -2.31349394e-02 -2.03160550e-02
  2.03138161e-02  5.70145585e-02  9.98803750e-02 -1.06772020e-01
  6.53664842e-02 -4.99955714e-02 -5.88472150e-02  1.41344532e-01
 -6.52657226e-02  1.32964924e-01 -3.92167717e-02 -3.24196406e-02
  1.00523001e-02 -6.43833587e-03  3.33789289e-02  1.12064928e-01
 -7.31371418e-02 -4.09208722e-02  1.73933301e-02 -6.56338781e-02
 -7.02532306e-02  6.47797436e-02  1.61213294e-01  8.67382511e-02
  2.10682437e-01 -2.32023150e-01 -5.11931144e-02 -1.79715097e-01
  5.22809103e-03 -1.96947411e-01  3.09124794e-02  1.03365250e-01
 -2.14247149e-03 -1.23778835e-01 -6.96934760e-02  4.33700904e-02
  5.00020608e-02  2.02618539e-01  1.88796073e-02  5.95666356e-02
  1.92610677e-02  8.96001607e-02 -1.60987124e-01  4.14377674e-02
  1.74102932e-01  6.65222481e-02 -1.56896234e-01 -1.04344927e-01
  1.30194828e-01  1.11462392e-01  7.52633438e-02  1.07196704e-01
  6.04580715e-03 -8.16751923e-03 -1.48050860e-02 -6.25755638e-02
 -1.28708659e-02  1.27519608e-01  7.32682794e-02  2.30899360e-02
 -1.81394085e-01  1.71067417e-01 -3.23051997e-02  1.55862883e-01
  2.43817661e-02  5.39353059e-04  1.72761247e-01  5.87306358e-02
 -2.43968964e-02 -1.87181756e-01  8.79085734e-02  1.04209349e-01
  5.96539641e-04 -1.52528211e-01 -7.31743053e-02  8.15851763e-02
  1.84456371e-02 -1.67019680e-01 -3.19496132e-02  7.85791278e-02
  7.93336853e-02  1.06631219e-02 -5.40477708e-02  1.28207922e-01
 -4.49645147e-02  1.58499658e-01 -1.92631688e-02 -4.95138690e-02
  2.32623480e-02 -2.33308468e-02  1.30873486e-01  7.04871044e-02
  2.63579398e-01 -1.81579039e-01 -5.15825823e-02 -7.96436891e-02
 -2.48023998e-02 -8.98433030e-02  1.06178848e-02  9.76443887e-02
 -3.79287428e-03  1.03877619e-01 -2.40723393e-03  1.93013072e-01
 -4.21500206e-02 -3.82431224e-02  1.13118999e-02  1.28740028e-01
  9.86098647e-02 -8.14522803e-02 -9.53794420e-02  4.81728502e-02
 -1.06658982e-02 -7.73818791e-02 -7.42221400e-02  3.51321176e-02
  8.31855237e-02  2.82981604e-01 -1.27032790e-02  2.36156359e-02
  3.87837961e-02 -1.28655434e-01 -1.22370213e-01 -4.06242818e-01
 -6.24339096e-03 -2.72330552e-01 -2.08856791e-01  5.27235530e-02
  8.61782879e-02  1.83436811e-01 -9.44731385e-02  7.84202572e-03
 -1.16871186e-01 -2.03591347e-01 -1.60575971e-01 -4.45966959e-01
  1.06224649e-01 -4.23334213e-03  1.54101521e-01  1.92968752e-02
 -1.46262974e-01 -7.34287351e-02 -1.45315081e-01 -7.86300972e-02
  8.32570270e-02  7.72505775e-02 -4.77539711e-02  8.46678466e-02
  2.17073299e-02  2.57068515e-01 -2.06026323e-02 -7.12626353e-02
 -7.63609558e-02  1.35989621e-01  3.02400142e-02  2.75522977e-01
 -6.18125759e-02 -1.42173067e-01  2.69201631e-03  9.21564400e-02
 -8.11356753e-02  1.68924987e-01  2.21696660e-01  2.22459853e-01
 -2.56807983e-01  1.37456030e-01  8.37541521e-02  2.15419885e-02
 -1.75559491e-01 -3.30183059e-02 -1.14796795e-01  2.20830753e-01
  4.99670692e-02  1.02026969e-01 -1.15593091e-01 -2.41046995e-02
 -1.70298383e-01 -3.32726091e-02 -3.00775282e-03  1.76008686e-01
  5.69216348e-02  4.28037494e-02 -1.36826620e-01 -2.81042550e-02
 -3.76600660e-02 -1.84850737e-01  1.08672604e-01 -1.04511511e-02
  9.32319686e-02  1.92472920e-01  2.11914420e-01 -8.33210051e-02
 -7.91406333e-02  6.97488934e-02  1.32451728e-01  2.35895559e-01
 -5.37304431e-02 -2.41047237e-02 -9.69907828e-03 -3.86136621e-02
  8.80764574e-02 -2.12904857e-03  1.06772482e-01 -3.60774361e-02
 -1.96401961e-02 -2.34207492e-02 -4.83271554e-02 -8.43071491e-02
  9.82195958e-02 -1.54725820e-01  3.14915068e-02  1.61344744e-02
  1.78009361e-01 -5.22895381e-02  1.22199424e-01 -1.28722982e-03
  1.42097741e-01 -7.28621334e-02 -2.99257003e-02 -7.79381245e-02
 -1.06729135e-01 -1.81488872e-01  1.65347569e-02  1.01540901e-01
  1.05333731e-01 -3.94293778e-02  8.09710249e-02  7.88003057e-02
  2.58712824e-02  1.64002165e-01  1.01276569e-01  1.40062407e-01
 -5.93468510e-02  3.09353229e-02 -1.54961437e-01  7.56797865e-02
 -1.19154807e-02  1.15175113e-01  1.66809663e-01 -1.26656434e-02
  3.57549965e-01 -9.07604471e-02 -1.02713615e-01  3.37868594e-02
 -2.08524704e-01  6.77454099e-02  2.87572324e-01  1.12451138e-02
  1.60119265e-01  7.26649314e-02  1.64108530e-01  6.97414279e-02
 -5.05588204e-02 -1.31452810e-02  2.99009439e-02  8.38694572e-02
  9.22642183e-03 -8.02609995e-02 -1.84887294e-02 -1.59357384e-01
  4.90584262e-02 -6.95196986e-02 -1.04556814e-01  8.03959891e-02
  1.21429905e-01  7.89475348e-03 -1.03683978e-01  8.17511305e-02
  2.94971228e-01  1.10993624e-01  1.07532673e-01  1.09083429e-01
 -1.88399822e-01 -1.11067388e-02 -2.05161646e-02 -2.25055829e-01
 -2.23173983e-02  9.21441019e-02  8.20378289e-02  4.59568724e-02]
