[-1.06564820e-01 -3.56312096e-03 -9.55141634e-02  6.50915802e-02
  4.24804166e-03  4.26478311e-03 -1.88095599e-01 -5.19976057e-02
  1.35543570e-02  1.13043331e-01  7.51454383e-02  2.10485220e-01
  1.22388229e-02 -2.13116392e-01 -1.70486234e-02 -1.01437256e-01
 -4.27166596e-02  1.26735747e-01 -9.53203887e-02  1.75831065e-01
  9.31804478e-02  1.29727557e-01 -8.76837820e-02 -3.82028855e-02
  3.83630395e-05  1.31477013e-01 -1.35835558e-01 -6.30512089e-02
 -3.50393634e-03  2.76295934e-02  4.74151857e-02  1.34229055e-02
 -1.09669015e-01  6.80676010e-03 -9.92693901e-02 -2.36549377e-01
 -4.72362339e-02 -1.93548188e-01 -1.63720623e-01 -1.18948221e-01
  4.98710796e-02 -9.37474295e-02 -4.50037941e-02 -2.96509825e-02
 -2.42255285e-01  2.40925681e-02  1.92954600e-01 -3.63267139e-02
  8.94026533e-02 -1.59325302e-02 -1.28670838e-02 -1.20504200e-01
 -3.15270238e-02  1.45363927e-01 -2.92352550e-02 -5.65848537e-02
 -1.19610056e-01 -2.17391610e-01  1.98457152e-01  9.48405191e-02
  6.31513447e-03 -6.63923621e-02 -7.15308040e-02 -5.34408614e-02
 -4.84810248e-02 -1.69899255e-01  1.05402574e-01 -6.70983419e-02
 -5.83015159e-02  1.37415051e-01  7.13669062e-02 -1.20934974e-02
 -5.41307069e-02  1.51428089e-01  2.61393003e-02 -2.13012323e-01
 -1.49047256e-01 -1.11451805e-01 -4.94826883e-02  4.36238796e-02
  2.20230624e-01  1.55087352e-01  1.21349998e-01  7.49355778e-02
 -2.56231613e-02  3.43134962e-02  5.38465008e-03 -1.55089200e-01
 -1.58928469e-01 -2.65070587e-01 -2.01633200e-02  2.38962024e-02
 -7.85931498e-02  1.93939447e-01  6.23258427e-02  1.65543586e-01
  2.49894336e-01  4.19756630e-03  3.96377891e-02 -6.98334724e-02
 -1.87209964e-01  2.71836936e-01 -1.70777172e-01  4.49416563e-02
 -3.33284847e-02  2.50826254e-02 -1.87030315e-01 -1.11697376e-01
  8.31581838e-03  1.56932976e-02  1.32482767e-01 -1.09970309e-01
  1.39459834e-01  7.13595599e-02  1.31182343e-01 -2.84806415e-02
 -6.73571452e-02  1.63128376e-02 -4.75730821e-02 -5.60343713e-02
  3.12614441e-03 -1.59708411e-01  6.82278126e-02 -3.66508849e-02
  9.28655416e-02 -2.30915211e-02 -3.61257941e-02  6.70241341e-02
 -2.00572655e-01 -2.28018939e-01  1.39756175e-02 -5.72170913e-02
 -5.24066575e-02  7.13414699e-02 -9.25679132e-02  4.14992869e-02
 -1.79358535e-02 -2.29861230e-01  6.72512278e-02 -1.08919322e-01
  6.91936677e-03 -1.09327599e-01 -2.38370281e-02 -7.31712878e-02
  7.11896457e-04  8.39347988e-02 -1.24234959e-01 -1.69393361e-01
 -2.59260871e-02  9.28065032e-02  1.66452795e-01  1.84485674e-01
 -4.42318134e-02  1.23724967e-01  7.54193515e-02  1.94653034e-01
  1.11113507e-02 -1.15963250e-01 -2.43456643e-02 -9.00468379e-02
 -5.39905801e-02 -4.86358553e-02 -4.39224653e-02  6.24343082e-02
  6.05257377e-02 -1.16212487e-01  1.33653104e-01 -4.16172929e-02
  1.51493654e-01  8.42374284e-03 -2.06750900e-01  9.33045521e-02
  5.10130003e-02  1.40609294e-01 -2.04664454e-01  2.39010662e-01
  2.71612536e-02  1.65430725e-01  2.31276099e-02  1.35516105e-02
  6.57439083e-02  1.50704280e-01  4.01466265e-02 -5.49639203e-02
 -1.07922927e-01  3.58236022e-02  1.41988516e-01 -1.81667715e-01
 -5.25779799e-02 -1.29375625e-02  8.40159208e-02  7.30188861e-02
 -1.49641633e-01  1.15199849e-01 -7.47442320e-02 -3.22895199e-02
  4.52860445e-02 -1.98056728e-01  5.04842550e-02 -1.67156413e-01
  1.19045429e-01 -3.05902034e-01 -6.42721877e-02  2.30805755e-01
 -6.71072155e-02 -4.50210413e-04  1.23070911e-01  1.46914095e-01
 -6.99008033e-02  2.69276574e-02 -2.18811348e-01 -8.24904814e-03
 -1.07772015e-02  1.47581454e-02 -6.56962693e-02  2.12494299e-01
  1.12850294e-02  4.73902151e-02  1.51528344e-01  1.35087743e-01
  4.49469164e-02  2.76015401e-02  2.64367200e-02 -1.65550988e-02
 -1.04879990e-01 -1.42089337e-01  6.35486245e-02 -7.98690096e-02
 -1.04219452e-01  1.79020703e-01 -1.67241674e-02  7.95008987e-02
  3.45212594e-02  6.36488795e-02 -8.54682177e-02  1.86337233e-01
 -2.39236772e-01  1.31047979e-01 -1.30973041e-01 -2.15973929e-01
  5.71024343e-02  2.67716832e-02  5.98491058e-02 -1.19638935e-01
  4.15175557e-01 -3.42569202e-02  1.66095197e-01 -7.73312198e-03
  1.34853214e-01  6.84227794e-02  1.71935558e-01  4.40054946e-02
 -1.62081152e-01  2.16368921e-02  1.39303029e-01  1.19653121e-01
 -5.32650091e-02  2.14404464e-01 -7.60071278e-02 -1.05355121e-02
  4.90274131e-02  4.54250053e-02  1.37561828e-01 -1.23507313e-01
  1.29557475e-01  3.40515375e-02 -1.16629474e-01 -2.84456104e-01
 -4.30367924e-02  2.22493485e-02 -5.68696707e-02  7.78419077e-02
  2.18437821e-01 -3.56439091e-02  6.91913441e-03 -3.20492801e-03
 -1.21832371e-01  1.02630660e-01 -3.55163217e-02 -4.26997393e-02
  9.34338123e-02  1.32026151e-01 -1.66206107e-01  5.26711866e-02
 -3.70028168e-02 -3.81835103e-02 -1.23987712e-01 -2.48794928e-01
  9.91458893e-02 -4.35393751e-02  2.28390507e-02  4.50606458e-02
 -5.50106391e-02 -5.66361584e-02  4.82498892e-02 -7.16549065e-03
 -2.11041093e-01 -3.23411897e-02 -3.10498774e-01  3.71242315e-02
 -6.38229176e-02  1.47010032e-02 -1.77724496e-01 -4.29224595e-02
  1.73891276e-01 -8.85133892e-02  1.47826731e-01 -1.95662186e-01
  1.01619646e-01  1.46569740e-02  9.55768973e-02 -1.08736698e-02
  4.36034165e-02 -1.29104495e-01 -1.19268656e-01  4.06229571e-02
 -1.03765935e-01 -3.89943793e-02  5.81795461e-02  1.43799752e-01
 -5.80409765e-02 -1.08448438e-01 -3.37175652e-02  4.12314981e-02
 -3.46319899e-02  9.98660643e-03  7.33350450e-03  4.64632511e-02
  1.98914215e-01  8.19432214e-02  5.55815175e-02 -1.26965880e-01
  7.27155618e-03  4.41065729e-02  4.34302017e-02 -4.06971201e-02
 -3.11161280e-02 -1.11076862e-01 -7.91821331e-02  1.17300227e-01
  1.26275927e-01 -5.53368740e-02 -6.53947964e-02 -6.53911848e-05
 -2.50840783e-02  1.97688997e-01  1.01753578e-01  9.63659436e-02
  3.43206555e-01  4.09597298e-03 -1.34767592e-01 -1.77101754e-02
 -8.44568908e-02  5.07970043e-02  6.15142733e-02 -2.39565998e-01
 -1.89011581e-02  5.25146872e-02  5.96519783e-02  7.80555308e-02
  1.02481931e-01 -2.96998434e-02 -1.01198003e-01 -6.13390505e-02
  2.67841280e-01  8.50123316e-02 -6.19973242e-02  3.61098275e-02
 -1.96371943e-01  4.00658622e-02 -1.68480486e-01  5.71994409e-02
  1.13852881e-02  1.54677898e-01  4.20337217e-03  3.49804796e-02
  9.57763791e-02 -1.45065740e-01 -3.28761816e-01 -4.38308083e-02
 -1.39381692e-01 -2.20054135e-01  2.17019260e-01  1.19875975e-01
  5.17046545e-03 -4.65280190e-02 -3.39774564e-02 -1.41250104e-01
  9.29565914e-03  1.16136141e-01  9.98150259e-02 -3.37320566e-01
 -2.39962101e-01  8.90424661e-03  4.51872423e-02  2.11936429e-01
  3.26889306e-02  7.38513768e-02  1.08084893e-02  1.36503994e-01
 -1.77812934e-01 -1.43308252e-01 -1.09220587e-01  8.83708000e-02
  8.18615928e-02 -7.18102306e-02  9.84208435e-02 -1.05358422e-01
  4.41005155e-02  1.67013973e-01  1.41271666e-01 -1.78258479e-01
 -1.78481638e-01  7.27139711e-02 -7.92800337e-02 -6.88264817e-02
 -2.20422879e-01 -4.86992784e-02 -6.17406368e-02 -9.66818780e-02
  1.18206918e-01  1.89825743e-01 -8.77180770e-02  7.07241371e-02
  8.91115665e-02  1.79838270e-01  1.71775371e-03  1.13383755e-01
 -8.41558352e-02  6.25716150e-02  5.17746285e-02  5.78339957e-03
  4.36812453e-02  4.68094684e-02 -2.83877462e-01 -2.04075262e-01
  1.89740449e-01 -1.05052888e-01  2.32555702e-01 -4.33030725e-02
 -2.06010923e-01  6.75414577e-02  1.91666484e-01  1.41602337e-01
 -1.76846072e-01  2.48810947e-01  9.21445787e-02 -1.91584468e-01
 -3.54474634e-01  2.90480834e-02  7.79012740e-02 -3.69902290e-02
 -1.54078826e-01 -2.09829569e-01  1.16926447e-01  9.51010734e-03
 -3.86006720e-02 -6.38365149e-02 -3.85047868e-02  3.61751392e-02
  2.51315124e-02  2.68391538e-02 -2.88952172e-01 -8.16852674e-02
 -1.65155858e-01 -1.62578486e-02 -1.13680094e-01  1.34682998e-01
 -8.51416960e-02 -9.27531272e-02  9.69395339e-02 -1.12214632e-01
  1.44274235e-01  1.20339088e-01 -1.12638555e-01  6.03801012e-02
 -1.92955151e-01 -2.66984940e-01 -1.84597466e-02  1.25159144e-01
  1.77425623e-01  7.72476494e-02 -2.33825799e-02 -2.26351842e-01
  9.12607014e-02 -1.12246752e-01 -2.52421629e-02 -1.48760714e-02
  4.47654352e-02  7.62069225e-02  7.37874284e-02 -1.10227935e-01
  3.69593427e-02 -1.31087542e-01 -1.16172537e-01  1.20650083e-01
 -3.78319956e-02  1.07607968e-01 -2.77033076e-02 -7.55209476e-02
  3.97969782e-02  1.79710183e-02  8.01902339e-02  6.94343150e-02
 -5.71924597e-02 -5.03867492e-02  1.45883681e-02 -4.16190624e-02
 -7.65860081e-02  4.92792279e-02  2.02140838e-01  9.03794020e-02
  1.91354424e-01 -2.02121660e-01 -1.29807498e-02 -1.51192307e-01
 -1.28801586e-02 -2.16227889e-01  1.98518932e-02  9.01947469e-02
  4.72164899e-02 -8.66215527e-02 -8.70749205e-02  1.02271959e-01
  6.70873299e-02  2.52902567e-01 -9.08206217e-03  4.39305454e-02
 -1.52803119e-02  1.28559798e-01 -1.91210598e-01  1.00596860e-01
  1.20889716e-01  1.00311637e-01 -1.51212171e-01 -6.85705319e-02
  9.24733728e-02  1.30498990e-01  5.75462729e-02  1.34433120e-01
  4.10224199e-02 -3.68424580e-02 -8.69465768e-02 -4.98262197e-02
 -3.73215117e-02  1.40722141e-01  1.09434992e-01 -7.20728422e-03
 -8.53134543e-02  2.06976727e-01 -3.34311724e-02  1.81672886e-01
  4.54418920e-02 -3.58887576e-03  1.26436442e-01  1.21081118e-02
 -1.70899648e-02 -1.73282728e-01  1.08718790e-01  1.30159825e-01
  9.89688784e-02 -1.32722110e-01 -9.79615748e-02  1.06074437e-01
 -5.02113253e-04 -2.18784392e-01 -3.92226689e-02  8.82138908e-02
  3.32988873e-02  5.62264621e-02 -9.17211734e-03  3.21071744e-02
 -5.96775338e-02  2.07127571e-01 -6.31794240e-03 -1.17484197e-01
  9.06723440e-02 -3.44674252e-02  1.85788989e-01  9.41475332e-02
  2.68342853e-01 -1.87491015e-01  3.49006988e-02 -4.95339707e-02
 -1.01099536e-01 -8.29761103e-02 -1.17448438e-03  7.39280209e-02
  1.53449150e-02  1.51286945e-01 -3.95361111e-02  1.23836115e-01
 -9.42449942e-02 -1.32501423e-01  2.67391615e-02  1.02089472e-01
  4.14762944e-02 -3.16630378e-02 -7.04422146e-02  4.84867319e-02
  7.77777135e-02 -4.39565629e-02 -9.83971059e-02  2.80463956e-02
  1.17271610e-01  2.83591151e-01 -4.32441756e-03  3.08287386e-02
 -1.98555272e-02 -1.48729593e-01 -1.27889469e-01 -2.38075048e-01
 -2.84619518e-02 -3.08070600e-01 -1.42017797e-01 -2.17968728e-02
  7.87060186e-02  2.20688671e-01 -9.61463153e-02 -3.84269990e-02
 -1.17526665e-01 -2.52339482e-01 -1.79298580e-01 -5.49748421e-01
  1.17155164e-01  3.58860977e-02  1.60542995e-01  9.21641588e-02
 -9.98868793e-02 -8.19125250e-02 -1.07399195e-01 -9.64880362e-02
  7.00335503e-02  7.39398599e-02 -1.95966456e-02  1.43570676e-01
 -4.22984585e-02  2.85625249e-01 -4.81112525e-02 -1.07310012e-01
 -1.37099668e-01  1.22274667e-01 -7.91601930e-03  2.27612615e-01
  1.57801546e-02 -1.51622146e-01 -2.19310131e-02  9.91898477e-02
 -5.50850555e-02  1.48568362e-01  2.90517211e-01  2.08164349e-01
 -2.33378276e-01  1.21846676e-01  6.76505938e-02  8.69599879e-02
 -1.15167379e-01 -2.55536232e-02 -5.13598248e-02  1.15777068e-01
  4.81953472e-02  9.75569785e-02 -1.36469617e-01 -1.96618102e-02
 -2.25076020e-01  1.65497363e-02 -5.89800347e-03  1.83504879e-01
  2.92711966e-02  6.63376078e-02 -1.19151473e-01 -1.71298571e-02
 -7.72049651e-03 -1.30323321e-01  2.84054670e-02 -3.04540154e-02
  2.22157054e-02  2.24697873e-01  1.66170716e-01 -2.63381340e-02
 -1.00848980e-01  8.38827938e-02  1.06999487e-01  2.29400456e-01
 -1.20427549e-01 -1.72282793e-02  1.49949165e-02  3.91169339e-02
  8.75797123e-02 -3.24004889e-02  8.56333971e-02  2.31190342e-02
 -2.15987079e-02 -4.49833088e-02 -3.23299840e-02 -1.68938756e-01
  7.11421520e-02 -1.08981453e-01  8.79678875e-02  9.28681809e-03
  1.21733688e-01 -8.82072747e-02  1.31892100e-01  5.36861718e-02
  1.24980971e-01 -4.81396243e-02 -7.19135404e-02 -7.63238370e-02
 -9.19951946e-02 -1.45087793e-01  4.37514335e-02  1.09258831e-01
  1.26551375e-01 -4.17568237e-02  8.39097053e-03  8.59477818e-02
  2.58321967e-02  2.30357289e-01  1.00331500e-01  7.08816871e-02
 -9.10260975e-02  6.81477040e-02 -2.55194157e-02  6.34632558e-02
  5.89846447e-02  1.84178591e-01  2.30156809e-01  3.36044021e-02
  3.63231987e-01 -6.72599450e-02 -6.77139312e-02  1.61039084e-02
 -1.87447309e-01  1.36905327e-01  2.33865634e-01  2.65692510e-02
  1.44744784e-01  5.05553707e-02  1.19314730e-01  1.31681770e-01
 -9.60189700e-02 -5.29620312e-02  8.58327150e-02  6.88549802e-02
 -4.34786901e-02 -9.43244845e-02  6.46933913e-05 -1.21124625e-01
  4.75381911e-02 -5.15687019e-02 -1.09447829e-01  9.09516364e-02
  1.26266897e-01  5.73212653e-02 -1.16042569e-01  5.45337051e-02
  3.03594708e-01  7.02020228e-02  1.71259075e-01  7.75690824e-02
 -1.49102062e-01 -2.53030173e-02 -2.84308735e-02 -2.24554390e-01
 -1.41616222e-02  1.24872029e-01  5.35917580e-02  1.16006043e-02]
